0.078668584157093
0.611093898346225
0.0635192125353579
0.645944526724491
0.168369840913624
0.880795155102757
0.38322046929189
0.895645783481023
0.448071097670156
0.870496411859289
0.432921726048422
0.955347040237568
0.457772354426688
0.0301976686158207
0.552622982804954
0.0250482969940864
0.741093898346226
0.755944526724491
0.660795155102757
0.745645783481023
0.760496411859289
0.815347040237555
-0.129802331384179
-0.0349517030059136
0.0998989253723523
0.164749553750618
0.169600182128884
0.21445081050715
0.249301438885416
0.324152067263682
0.329002695641947
0.363853324020213
0.193519212535359
0.770795155102757
0.298071097670156
0.805347040237555
0.382622982804953
0.00989892537235228
0.597174867939751
0.19445081050715
0.821726753074549
0.339002695641947
1.01627863820943
0.493554580776745
0.0308305233441435
0.568106465911542
0.205382408478941
0.76265835104634
0.725944526724491
0.825645783481023
0.855347040237555
-0.0449517030059136
0.084749553750618
0.12445081050715
0.234152067263681
0.393853324020213
0.453554580776745
0.543255837533276
0.612957094289808
0.79265835104634
0.852359607802871
0.952060864559403
-0.0482378786840653
0.081463378072466
0.258369840913624
0.850496411859289
0.412622982804953
0.034749553750618
0.536876124696283
0.389002695641947
-0.148870733412388
0.503255837533276
0.145382408478941
0.787508979424605
0.36963555037027
0.0417621213159347
0.603888692261599
0.246015263207264
0.838141834152928
0.420268405098593
0.790795155102757
0.825347040237555
-0.0301010746276477
0.16445081050715
0.189002695641947
0.353554580776745
0.538106465911542
0.76265835104634
0.897210236181137
0.0217621213159348
0.176314006450732
0.26086589158553
0.495417776720327
0.569969661855125
0.684521546989922
0.86907343212472
0.30322046929189
-0.129802331384179
0.577174867939751
0.174152067263681
-0.0688707334123882
0.538106465911542
0.265083665235473
0.942060864559403
0.689038063883333
0.276015263207264
0.952992462531194
0.529969661855125
0.196946861179055
0.843924060502986
0.490901259826916
0.137878459150846
0.451093898346225
0.305944526724491
0.470795155102757
0.405645783481023
0.510496411859289
0.465347040237555
-0.299802331384179
-0.454951703005914
-0.290101074627648
-0.105250446249382
-0.180399817871116
-0.275549189492851
-0.450698561114585
-0.305847932736319
-0.260997304358053
-0.156146675979787
