0.482921726048422
0.382921726048422
0.352921726048422
0.352921726048422
0.342921726048422
0.352921726048422
0.232921726048422
0.302921726048422
0.322921726048422
0.292921726048422
0.172921726048422
0.272921726048422
0.242921726048422
0.0729217260484219
0.0129217260484219
-0.877078273951578
0.362921726048422
0.392921726048422
0.392921726048422
0.382921726048422
0.312921726048422
0.232921726048422
0.302921726048422
0.272921726048422
0.292921726048422
0.232921726048422
0.312921726048422
0.162921726048422
0.162921726048422
0.0729217260484219
-0.0070782739515781
-0.637078273951579
0.392921726048422
0.382921726048422
0.362921726048422
0.232921726048422
0.302921726048422
0.252921726048422
0.332921726048422
0.282921726048422
0.302921726048422
0.282921726048422
0.272921726048422
0.202921726048422
0.132921726048422
0.0429217260484219
0.00292172604842195
-0.327078273951578
0.402921726048422
0.382921726048422
0.282921726048422
0.322921726048422
0.362921726048422
0.352921726048422
0.372921726048422
0.282921726048422
0.332921726048422
0.242921726048422
0.242921726048422
0.172921726048422
0.252921726048422
0.0329217260484219
-0.0270782739515781
-0.537078273951578
0.372921726048422
0.392921726048422
0.402921726048422
0.362921726048422
0.212921726048422
0.222921726048422
0.292921726048422
0.352921726048422
0.342921726048422
0.082921726048422
0.262921726048422
0.152921726048422
0.182921726048422
-0.0570782739515781
-0.0470782739515781
-0.477078273951578
0.352921726048422
0.342921726048422
0.332921726048422
0.322921726048422
0.172921726048422
0.262921726048422
0.232921726048422
0.292921726048422
0.262921726048422
0.222921726048422
0.292921726048422
0.152921726048422
0.0629217260484219
-0.217078273951578
-0.407078273951578
-1.46707827395122
0.402921726048422
0.402921726048422
0.332921726048422
0.332921726048422
0.312921726048422
0.312921726048422
0.272921726048422
0.282921726048422
0.232921726048422
0.232921726048422
0.252921726048422
-0.017078273951578
0.0729217260484219
-0.257078273951578
-0.397078273951578
-0.577078273951578
0.222921726048422
0.292921726048422
0.162921726048422
0.142921726048422
0.092921726048422
0.102921726048422
0.202921726048422
0.052921726048422
-0.0170782739515781
-0.087078273951578
-0.0170782739515782
-0.137078273951578
-0.247078273951578
-0.367078273951578
-0.597078273951578
-1.27707827395141
